[{"id": 0, "img_name": "0", "width": 1296, "height": 968, "position": [3.0040729999999995, 1.5707260000000003, 1.4312480000000003], "rotation": [[0.08181500000000001, 0.6382960000000001, -0.7654309999999999], [0.9965770000000003, -0.061545, 0.05519900000000002], [-0.011875000000000004, -0.767327, -0.641146]], "fy": 1170.187988, "fx": 1170.1879879999997}, {"id": 1, "img_name": "20", "width": 1296, "height": 968, "position": [3.0288710000000005, 1.582285, 1.4228379999999996], "rotation": [[0.102433, 0.682519, -0.7236530000000003], [0.9947359999999998, -0.06829899999999998, 0.076389], [0.002711999999999995, -0.727669, -0.685923]], "fy": 1170.187988, "fx": 1170.1879879999997}, {"id": 2, "img_name": "40", "width": 1296, "height": 968, "position": [3.030894, 1.5782329999999998, 1.4717040000000001], "rotation": [[0.09851100000000003, 0.5805850000000001, -0.808218], [0.9951200000000001, -0.05292500000000001, 0.08327400000000001], [0.005573000000000001, -0.812478, -0.582965]], "fy": 1170.187988, "fx": 1170.1879879999997}, {"id": 3, "img_name": "60", "width": 1296, "height": 968, "position": [3.0386, 1.5630039999999998, 1.5269010000000003], "rotation": [[0.09822, 0.42739599999999994, -0.8987129999999999], [0.9948749999999998, -0.02038, 0.099037], [0.024011999999999995, -0.9038349999999999, -0.42720699999999995]], "fy": 1170.187988, "fx": 1170.1879879999997}, {"id": 4, "img_name": "80", "width": 1296, "height": 968, "position": [3.0249070000000002, 1.5604710000000002, 1.5349719999999998], "rotation": [[0.094348, 0.385816, -0.917739], [0.995061, -0.007969000000000007, 0.09894700000000001], [0.030862000000000004, -0.922541, -0.384662]], "fy": 1170.187988, "fx": 1170.1879879999997}, {"id": 5, "img_name": "100", "width": 1296, "height": 968, "position": [3.028982, 1.638075, 1.5185], "rotation": [[0.30613, 0.393088, -0.867044], [0.9513119999999999, -0.091956, 0.2941929999999999], [0.035914, -0.914891, -0.4021]], "fy": 1170.187988, "fx": 1170.1879879999997}, {"id": 6, "img_name": "120", "width": 1296, "height": 968, "position": [2.9827909999999997, 1.6495529999999998, 1.4768969999999997], "rotation": [[0.478947, 0.4022929999999999, -0.7802370000000001], [0.8778260000000001, -0.21386800000000006, 0.428582], [0.0055479999999999575, -0.89018, -0.45557499999999995]], "fy": 1170.187988, "fx": 1170.1879879999997}, {"id": 7, "img_name": "140", "width": 1296, "height": 968, "position": [2.869164, 1.8565709999999997, 1.4422279999999996], "rotation": [[0.5566189999999999, 0.41092400000000007, -0.7220230000000002], [0.830748, -0.281267, 0.48035999999999995], [-0.0056900000000000275, -0.8671969999999999, -0.49793299999999996]], "fy": 1170.187988, "fx": 1170.1879879999997}, {"id": 8, "img_name": "160", "width": 1296, "height": 968, "position": [2.7122390000000007, 2.0583190000000005, 1.43903], "rotation": [[0.5389810000000002, 0.45237200000000005, -0.710534], [0.8416640000000001, -0.255993, 0.475468], [0.033195999999999996, -0.8542989999999999, -0.5187210000000001]], "fy": 1170.187988, "fx": 1170.1879879999997}, {"id": 9, "img_name": "180", "width": 1296, "height": 968, "position": [2.6047289999999994, 2.2688800000000002, 1.4259439999999999], "rotation": [[0.68031, 0.40932099999999993, -0.607976], [0.732827, -0.366382, 0.573349], [0.011931999999999901, -0.8355959999999999, -0.549214]], "fy": 1170.187988, "fx": 1170.1879879999997}, {"id": 10, "img_name": "200", "width": 1296, "height": 968, "position": [2.532221, 2.308119, 1.4161740000000005], "rotation": [[0.8954559999999999, 0.24099599999999996, -0.374271], [0.44447300000000006, -0.530378, 0.7219019999999999], [-0.024528999999999943, -0.8127860000000001, -0.582046]], "fy": 1170.187988, "fx": 1170.1879879999997}, {"id": 11, "img_name": "220", "width": 1296, "height": 968, "position": [2.500994000000001, 2.2418489999999998, 1.4310280000000002], "rotation": [[0.982911, 0.11049100000000002, -0.147235], [0.183716, -0.5383020000000001, 0.8224839999999999], [0.011620000000000021, -0.8354780000000002, -0.549401]], "fy": 1170.187988, "fx": 1170.1879879999997}, {"id": 12, "img_name": "240", "width": 1296, "height": 968, "position": [2.6176719999999998, 2.1612220000000004, 1.4138290000000002], "rotation": [[0.9902579999999997, -0.06479199999999999, 0.12324999999999998], [-0.138162, -0.56729, 0.8118450000000001], [0.01731699999999998, -0.820965, -0.5707159999999999]], "fy": 1170.187988, "fx": 1170.1879879999997}, {"id": 13, "img_name": "260", "width": 1296, "height": 968, "position": [2.646246, 2.2796000000000003, 1.4000290000000002], "rotation": [[0.9416440000000001, -0.15927499999999997, 0.296543], [-0.334191, -0.547796, 0.766965], [0.040286999999999976, -0.8213100000000001, -0.569057]], "fy": 1170.187988, "fx": 1170.1879879999997}, {"id": 14, "img_name": "280", "width": 1296, "height": 968, "position": [2.714208000000001, 2.5077820000000006, 1.3658250000000007], "rotation": [[0.8602980000000002, -0.22689000000000004, 0.45651800000000003], [-0.504647, -0.5059250000000001, 0.6995500000000001], [0.07224299999999999, -0.8322020000000001, -0.549746]], "fy": 1170.187988, "fx": 1170.1879879999997}, {"id": 15, "img_name": "300", "width": 1296, "height": 968, "position": [2.693877, 2.7495779999999996, 1.3779710000000003], "rotation": [[0.6915319999999999, -0.4195879999999999, 0.5879880000000002], [-0.722117, -0.3810329999999999, 0.5773749999999999], [-0.018215999999999948, -0.8238689999999999, -0.566488]], "fy": 1170.187988, "fx": 1170.1879879999997}, {"id": 16, "img_name": "320", "width": 1296, "height": 968, "position": [2.6480799999999993, 2.8594570000000004, 1.4068549999999997], "rotation": [[0.434812, -0.5166379999999999, 0.7375799999999999], [-0.900353, -0.23356299999999997, 0.36716899999999997], [-0.01742300000000002, -0.8237309999999999, -0.5667120000000001]], "fy": 1170.187988, "fx": 1170.1879879999997}, {"id": 17, "img_name": "340", "width": 1296, "height": 968, "position": [2.5939019999999995, 2.937535, 1.4177099999999996], "rotation": [[0.06864600000000004, -0.584643, 0.8083810000000001], [-0.9970760000000001, -0.012919000000000002, 0.075326], [-0.033594999999999986, -0.8111879999999999, -0.5838199999999999]], "fy": 1170.187988, "fx": 1170.1879879999997}, {"id": 18, "img_name": "360", "width": 1296, "height": 968, "position": [2.485763, 2.861153, 1.4702830000000005], "rotation": [[-0.158883, -0.4716810000000001, 0.867337], [-0.9866419999999999, 0.10786199999999999, -0.12207999999999998], [-0.035970000000000016, -0.875147, -0.482517]], "fy": 1170.187988, "fx": 1170.1879879999997}, {"id": 19, "img_name": "380", "width": 1296, "height": 968, "position": [2.283217, 2.73191, 1.4883359999999999], "rotation": [[-0.334489, -0.434236, 0.836395], [-0.942305, 0.166678, -0.29030900000000004], [-0.013346000000000004, -0.885244, -0.46493500000000004]], "fy": 1170.187988, "fx": 1170.1879879999997}, {"id": 20, "img_name": "400", "width": 1296, "height": 968, "position": [2.244229, 2.68411, 1.5251460000000001], "rotation": [[-0.4710949999999999, -0.3918050000000001, 0.79029], [-0.8820689999999999, 0.20439399999999994, -0.42447299999999993], [0.004779999999999977, -0.897057, -0.44188799999999995]], "fy": 1170.187988, "fx": 1170.1879879999997}, {"id": 21, "img_name": "420", "width": 1296, "height": 968, "position": [2.196264, 2.663121, 1.460961], "rotation": [[-0.484526, -0.493085, 0.722566], [-0.8746739999999998, 0.26041899999999996, -0.408813], [0.013409999999999984, -0.83009, -0.557468]], "fy": 1170.187988, "fx": 1170.1879879999997}, {"id": 22, "img_name": "440", "width": 1296, "height": 968, "position": [2.1873460000000002, 2.688616, 1.424889], "rotation": [[-0.430775, -0.558717, 0.708709], [-0.90242, 0.25931799999999994, -0.344083], [0.008464000000000008, -0.787775, -0.6159050000000001]], "fy": 1170.187988, "fx": 1170.1879879999997}, {"id": 23, "img_name": "460", "width": 1296, "height": 968, "position": [2.264486, 2.7320580000000003, 1.435067], "rotation": [[-0.438258, -0.47196900000000014, 0.7649680000000001], [-0.898608, 0.24979899999999997, -0.36070099999999994], [-0.02084899999999998, -0.8454860000000001, -0.533591]], "fy": 1170.187988, "fx": 1170.1879879999997}, {"id": 24, "img_name": "480", "width": 1296, "height": 968, "position": [2.1322499999999995, 2.715706999999999, 1.4241240000000002], "rotation": [[-0.402773, -0.45366600000000007, 0.7949600000000001], [-0.9152799999999999, 0.19393299999999997, -0.3530619999999999], [0.006003000000000011, -0.869815, -0.493342]], "fy": 1170.187988, "fx": 1170.1879879999997}, {"id": 25, "img_name": "500", "width": 1296, "height": 968, "position": [1.9065229999999995, 2.7015779999999996, 1.456292], "rotation": [[-0.4606819999999999, -0.40917999999999993, 0.7876190000000001], [-0.8872869999999999, 0.19007399999999994, -0.42023200000000005], [0.02224400000000001, -0.892437, -0.450624]], "fy": 1170.187988, "fx": 1170.1879879999997}, {"id": 26, "img_name": "520", "width": 1296, "height": 968, "position": [1.7515549999999993, 2.7114829999999994, 1.4619729999999997], "rotation": [[-0.5508049999999999, -0.4634419999999999, 0.6941440000000002], [-0.8345009999999999, 0.29091199999999995, -0.46795299999999995], [0.014933999999999989, -0.8370139999999999, -0.5469779999999999]], "fy": 1170.187988, "fx": 1170.1879879999997}, {"id": 27, "img_name": "540", "width": 1296, "height": 968, "position": [1.477631, 2.604001, 1.444599], "rotation": [[-0.6174810000000001, -0.4634559999999999, 0.635551], [-0.7859770000000001, 0.33178100000000005, -0.52169], [0.03091700000000001, -0.821663, -0.5691339999999999]], "fy": 1170.187988, "fx": 1170.1879879999997}, {"id": 28, "img_name": "560", "width": 1296, "height": 968, "position": [1.3318679999999998, 2.595919999999999, 1.4465229999999998], "rotation": [[-0.7244129999999999, -0.381103, 0.5744439999999998], [-0.6893219999999999, 0.3910689999999999, -0.6098360000000002], [0.00776299999999997, -0.83775, -0.545998]], "fy": 1170.187988, "fx": 1170.1879879999997}, {"id": 29, "img_name": "580", "width": 1296, "height": 968, "position": [1.0953600000000003, 2.4728959999999995, 1.4362409999999997], "rotation": [[-0.6889360000000001, -0.41022800000000004, 0.5975619999999998], [-0.7242959999999999, 0.35824800000000007, -0.5891120000000001], [0.027595000000000116, -0.8386730000000001, -0.543937]], "fy": 1170.187988, "fx": 1170.1879879999997}, {"id": 30, "img_name": "600", "width": 1296, "height": 968, "position": [1.0131830000000006, 2.433543999999999, 1.4121819999999996], "rotation": [[-0.8731439999999999, -0.31275899999999995, 0.37390099999999993], [-0.4856079999999999, 0.491241, -0.7230949999999999], [0.042479000000000065, -0.812935, -0.580802]], "fy": 1170.187988, "fx": 1170.1879879999997}, {"id": 31, "img_name": "620", "width": 1296, "height": 968, "position": [0.817127, 2.3473700000000006, 1.3937840000000004], "rotation": [[-0.919278, -0.255973, 0.29900899999999997], [-0.39310599999999996, 0.558652, -0.730326], [0.01990099999999997, -0.788914, -0.6141810000000001]], "fy": 1170.187988, "fx": 1170.1879879999997}, {"id": 32, "img_name": "640", "width": 1296, "height": 968, "position": [0.6578789999999999, 2.2929409999999995, 1.3933920000000002], "rotation": [[-0.963295, -0.16855999999999996, 0.208928], [-0.2683389999999999, 0.582628, -0.767163], [0.007584999999999964, -0.7950669999999999, -0.606474]], "fy": 1170.187988, "fx": 1170.1879879999997}, {"id": 33, "img_name": "660", "width": 1296, "height": 968, "position": [0.6173210000000001, 2.2716839999999996, 1.3835549999999999], "rotation": [[-0.9828200000000002, -0.15674000000000002, 0.09744900000000002], [-0.17198600000000006, 0.5862029999999999, -0.7916990000000002], [0.06696600000000004, -0.794858, -0.6030889999999999]], "fy": 1170.187988, "fx": 1170.1879879999997}, {"id": 34, "img_name": "680", "width": 1296, "height": 968, "position": [0.7990699999999997, 2.3518850000000002, 1.3610119999999997], "rotation": [[-0.824188, -0.404295, 0.3965580000000001], [-0.5591370000000001, 0.46979999999999994, -0.6831200000000001], [0.08987900000000003, -0.78475, -0.6132609999999998]], "fy": 1170.187988, "fx": 1170.1879879999997}, {"id": 35, "img_name": "700", "width": 1296, "height": 968, "position": [0.9854349999999994, 2.5637649999999996, 1.383569], "rotation": [[-0.369785, -0.542142, 0.7545470000000002], [-0.92633, 0.15225700000000006, -0.344575], [0.07192300000000003, -0.826378, -0.558504]], "fy": 1170.187988, "fx": 1170.1879879999997}, {"id": 36, "img_name": "720", "width": 1296, "height": 968, "position": [1.024911, 2.7096609999999997, 1.386999], "rotation": [[0.05680999999999999, -0.5425040000000001, 0.8381299999999999], [-0.9969309999999999, -0.07610799999999998, 0.01831], [0.05385499999999998, -0.836598, -0.5451630000000001]], "fy": 1170.187988, "fx": 1170.1879879999997}, {"id": 37, "img_name": "740", "width": 1296, "height": 968, "position": [NaN, NaN, NaN], "rotation": [[NaN, NaN, NaN], [NaN, NaN, NaN], [NaN, NaN, NaN]], "fy": 1170.187988, "fx": 1170.1879879999997}, {"id": 38, "img_name": "760", "width": 1296, "height": 968, "position": [NaN, NaN, NaN], "rotation": [[NaN, NaN, NaN], [NaN, NaN, NaN], [NaN, NaN, NaN]], "fy": 1170.187988, "fx": 1170.1879879999997}, {"id": 39, "img_name": "780", "width": 1296, "height": 968, "position": [NaN, NaN, NaN], "rotation": [[NaN, NaN, NaN], [NaN, NaN, NaN], [NaN, NaN, NaN]], "fy": 1170.187988, "fx": 1170.1879879999997}, {"id": 40, "img_name": "800", "width": 1296, "height": 968, "position": [NaN, NaN, NaN], "rotation": [[NaN, NaN, NaN], [NaN, NaN, NaN], [NaN, NaN, NaN]], "fy": 1170.187988, "fx": 1170.1879879999997}, {"id": 41, "img_name": "820", "width": 1296, "height": 968, "position": [NaN, NaN, NaN], "rotation": [[NaN, NaN, NaN], [NaN, NaN, NaN], [NaN, NaN, NaN]], "fy": 1170.187988, "fx": 1170.1879879999997}, {"id": 42, "img_name": "840", "width": 1296, "height": 968, "position": [NaN, NaN, NaN], "rotation": [[NaN, NaN, NaN], [NaN, NaN, NaN], [NaN, NaN, NaN]], "fy": 1170.187988, "fx": 1170.1879879999997}, {"id": 43, "img_name": "860", "width": 1296, "height": 968, "position": [NaN, NaN, NaN], "rotation": [[NaN, NaN, NaN], [NaN, NaN, NaN], [NaN, NaN, NaN]], "fy": 1170.187988, "fx": 1170.1879879999997}, {"id": 44, "img_name": "880", "width": 1296, "height": 968, "position": [NaN, NaN, NaN], "rotation": [[NaN, NaN, NaN], [NaN, NaN, NaN], [NaN, NaN, NaN]], "fy": 1170.187988, "fx": 1170.1879879999997}, {"id": 45, "img_name": "900", "width": 1296, "height": 968, "position": [NaN, NaN, NaN], "rotation": [[NaN, NaN, NaN], [NaN, NaN, NaN], [NaN, NaN, NaN]], "fy": 1170.187988, "fx": 1170.1879879999997}, {"id": 46, "img_name": "920", "width": 1296, "height": 968, "position": [NaN, NaN, NaN], "rotation": [[NaN, NaN, NaN], [NaN, NaN, NaN], [NaN, NaN, NaN]], "fy": 1170.187988, "fx": 1170.1879879999997}, {"id": 47, "img_name": "940", "width": 1296, "height": 968, "position": [1.4070009999999997, 2.875985, 1.3447330000000004], "rotation": [[0.5077409999999999, -0.5655940000000002, 0.6498479999999998], [-0.861431, -0.343474, 0.374115], [0.011609000000000005, -0.749753, -0.6616159999999999]], "fy": 1170.187988, "fx": 1170.1879879999997}, {"id": 48, "img_name": "960", "width": 1296, "height": 968, "position": [1.8448960000000003, 2.8781039999999996, 1.3528900000000001], "rotation": [[0.17862599999999998, -0.577863, 0.796346], [-0.9835869999999998, -0.125858, 0.12929799999999997], [0.02551, -0.806371, -0.5908590000000002]], "fy": 1170.187988, "fx": 1170.1879879999997}, {"id": 49, "img_name": "980", "width": 1296, "height": 968, "position": [2.354537, 2.893823, 1.3828809999999998], "rotation": [[-0.306899, -0.522437, 0.7955329999999999], [-0.9517419999999999, 0.168881, -0.25625500000000007], [-0.0004739999999999921, -0.835787, -0.549054]], "fy": 1170.187988, "fx": 1170.1879879999997}, {"id": 50, "img_name": "1000", "width": 1296, "height": 968, "position": [2.7155579999999997, 2.794792999999999, 1.3683509999999999], "rotation": [[-0.747645, -0.34147599999999984, 0.5695789999999998], [-0.6634439999999998, 0.42211799999999994, -0.6177850000000001], [-0.029471000000000053, -0.8397679999999998, -0.5421449999999999]], "fy": 1170.187988, "fx": 1170.1879879999997}, {"id": 51, "img_name": "1020", "width": 1296, "height": 968, "position": [2.904676, 2.6111600000000004, 1.3640010000000002], "rotation": [[-0.9924770000000002, -0.030578999999999985, 0.11854700000000001], [-0.11341900000000002, 0.5942199999999999, -0.7962660000000001], [-0.046094, -0.803721, -0.593218]], "fy": 1170.187988, "fx": 1170.1879879999997}, {"id": 52, "img_name": "1040", "width": 1296, "height": 968, "position": [2.9290639999999994, 2.468930999999999, 1.391743], "rotation": [[-0.8571770000000002, 0.2929129999999999, -0.42361399999999994], [0.5149429999999999, 0.5017609999999998, -0.6950309999999998], [0.008969999999999997, -0.8139019999999999, -0.5809319999999999]], "fy": 1170.187988, "fx": 1170.1879879999997}, {"id": 53, "img_name": "1060", "width": 1296, "height": 968, "position": [2.758081, 2.232219999999999, 1.408143], "rotation": [[-0.717408, 0.3914540000000001, -0.576273], [0.6966100000000001, 0.393856, -0.5996769999999998], [-0.007776999999999987, -0.83165, -0.555246]], "fy": 1170.187988, "fx": 1170.1879879999997}, {"id": 54, "img_name": "1080", "width": 1296, "height": 968, "position": [2.698232999999999, 1.9012769999999999, 1.4170460000000002], "rotation": [[-0.4660949999999999, 0.4879359999999999, -0.7380199999999998], [0.8845849999999997, 0.27234699999999995, -0.37859699999999996], [0.016266999999999976, -0.8293039999999999, -0.558561]], "fy": 1170.187988, "fx": 1170.1879879999997}, {"id": 55, "img_name": "1100", "width": 1296, "height": 968, "position": [2.497247, 1.7078890000000004, 1.419855], "rotation": [[-0.23291999999999996, 0.498685, -0.834902], [0.972285, 0.10153900000000002, -0.21059800000000004], [-0.020246000000000004, -0.8608150000000001, -0.5085150000000002]], "fy": 1170.187988, "fx": 1170.1879879999997}, {"id": 56, "img_name": "0", "width": 1296, "height": 968, "position": [3.0040729999999995, 1.5707260000000003, 1.4312480000000003], "rotation": [[0.08181500000000001, 0.6382960000000001, -0.7654309999999999], [0.9965770000000003, -0.061545, 0.05519900000000002], [-0.011875000000000004, -0.767327, -0.641146]], "fy": 1170.187988, "fx": 1170.1879879999997}, {"id": 57, "img_name": "20", "width": 1296, "height": 968, "position": [3.0288710000000005, 1.582285, 1.4228379999999996], "rotation": [[0.102433, 0.682519, -0.7236530000000003], [0.9947359999999998, -0.06829899999999998, 0.076389], [0.002711999999999995, -0.727669, -0.685923]], "fy": 1170.187988, "fx": 1170.1879879999997}, {"id": 58, "img_name": "40", "width": 1296, "height": 968, "position": [3.030894, 1.5782329999999998, 1.4717040000000001], "rotation": [[0.09851100000000003, 0.5805850000000001, -0.808218], [0.9951200000000001, -0.05292500000000001, 0.08327400000000001], [0.005573000000000001, -0.812478, -0.582965]], "fy": 1170.187988, "fx": 1170.1879879999997}, {"id": 59, "img_name": "60", "width": 1296, "height": 968, "position": [3.0386, 1.5630039999999998, 1.5269010000000003], "rotation": [[0.09822, 0.42739599999999994, -0.8987129999999999], [0.9948749999999998, -0.02038, 0.099037], [0.024011999999999995, -0.9038349999999999, -0.42720699999999995]], "fy": 1170.187988, "fx": 1170.1879879999997}, {"id": 60, "img_name": "80", "width": 1296, "height": 968, "position": [3.0249070000000002, 1.5604710000000002, 1.5349719999999998], "rotation": [[0.094348, 0.385816, -0.917739], [0.995061, -0.007969000000000007, 0.09894700000000001], [0.030862000000000004, -0.922541, -0.384662]], "fy": 1170.187988, "fx": 1170.1879879999997}, {"id": 61, "img_name": "100", "width": 1296, "height": 968, "position": [3.028982, 1.638075, 1.5185], "rotation": [[0.30613, 0.393088, -0.867044], [0.9513119999999999, -0.091956, 0.2941929999999999], [0.035914, -0.914891, -0.4021]], "fy": 1170.187988, "fx": 1170.1879879999997}, {"id": 62, "img_name": "120", "width": 1296, "height": 968, "position": [2.9827909999999997, 1.6495529999999998, 1.4768969999999997], "rotation": [[0.478947, 0.4022929999999999, -0.7802370000000001], [0.8778260000000001, -0.21386800000000006, 0.428582], [0.0055479999999999575, -0.89018, -0.45557499999999995]], "fy": 1170.187988, "fx": 1170.1879879999997}, {"id": 63, "img_name": "140", "width": 1296, "height": 968, "position": [2.869164, 1.8565709999999997, 1.4422279999999996], "rotation": [[0.5566189999999999, 0.41092400000000007, -0.7220230000000002], [0.830748, -0.281267, 0.48035999999999995], [-0.0056900000000000275, -0.8671969999999999, -0.49793299999999996]], "fy": 1170.187988, "fx": 1170.1879879999997}, {"id": 64, "img_name": "160", "width": 1296, "height": 968, "position": [2.7122390000000007, 2.0583190000000005, 1.43903], "rotation": [[0.5389810000000002, 0.45237200000000005, -0.710534], [0.8416640000000001, -0.255993, 0.475468], [0.033195999999999996, -0.8542989999999999, -0.5187210000000001]], "fy": 1170.187988, "fx": 1170.1879879999997}, {"id": 65, "img_name": "180", "width": 1296, "height": 968, "position": [2.6047289999999994, 2.2688800000000002, 1.4259439999999999], "rotation": [[0.68031, 0.40932099999999993, -0.607976], [0.732827, -0.366382, 0.573349], [0.011931999999999901, -0.8355959999999999, -0.549214]], "fy": 1170.187988, "fx": 1170.1879879999997}, {"id": 66, "img_name": "200", "width": 1296, "height": 968, "position": [2.532221, 2.308119, 1.4161740000000005], "rotation": [[0.8954559999999999, 0.24099599999999996, -0.374271], [0.44447300000000006, -0.530378, 0.7219019999999999], [-0.024528999999999943, -0.8127860000000001, -0.582046]], "fy": 1170.187988, "fx": 1170.1879879999997}, {"id": 67, "img_name": "220", "width": 1296, "height": 968, "position": [2.500994000000001, 2.2418489999999998, 1.4310280000000002], "rotation": [[0.982911, 0.11049100000000002, -0.147235], [0.183716, -0.5383020000000001, 0.8224839999999999], [0.011620000000000021, -0.8354780000000002, -0.549401]], "fy": 1170.187988, "fx": 1170.1879879999997}, {"id": 68, "img_name": "240", "width": 1296, "height": 968, "position": [2.6176719999999998, 2.1612220000000004, 1.4138290000000002], "rotation": [[0.9902579999999997, -0.06479199999999999, 0.12324999999999998], [-0.138162, -0.56729, 0.8118450000000001], [0.01731699999999998, -0.820965, -0.5707159999999999]], "fy": 1170.187988, "fx": 1170.1879879999997}, {"id": 69, "img_name": "260", "width": 1296, "height": 968, "position": [2.646246, 2.2796000000000003, 1.4000290000000002], "rotation": [[0.9416440000000001, -0.15927499999999997, 0.296543], [-0.334191, -0.547796, 0.766965], [0.040286999999999976, -0.8213100000000001, -0.569057]], "fy": 1170.187988, "fx": 1170.1879879999997}, {"id": 70, "img_name": "280", "width": 1296, "height": 968, "position": [2.714208000000001, 2.5077820000000006, 1.3658250000000007], "rotation": [[0.8602980000000002, -0.22689000000000004, 0.45651800000000003], [-0.504647, -0.5059250000000001, 0.6995500000000001], [0.07224299999999999, -0.8322020000000001, -0.549746]], "fy": 1170.187988, "fx": 1170.1879879999997}, {"id": 71, "img_name": "300", "width": 1296, "height": 968, "position": [2.693877, 2.7495779999999996, 1.3779710000000003], "rotation": [[0.6915319999999999, -0.4195879999999999, 0.5879880000000002], [-0.722117, -0.3810329999999999, 0.5773749999999999], [-0.018215999999999948, -0.8238689999999999, -0.566488]], "fy": 1170.187988, "fx": 1170.1879879999997}, {"id": 72, "img_name": "320", "width": 1296, "height": 968, "position": [2.6480799999999993, 2.8594570000000004, 1.4068549999999997], "rotation": [[0.434812, -0.5166379999999999, 0.7375799999999999], [-0.900353, -0.23356299999999997, 0.36716899999999997], [-0.01742300000000002, -0.8237309999999999, -0.5667120000000001]], "fy": 1170.187988, "fx": 1170.1879879999997}, {"id": 73, "img_name": "340", "width": 1296, "height": 968, "position": [2.5939019999999995, 2.937535, 1.4177099999999996], "rotation": [[0.06864600000000004, -0.584643, 0.8083810000000001], [-0.9970760000000001, -0.012919000000000002, 0.075326], [-0.033594999999999986, -0.8111879999999999, -0.5838199999999999]], "fy": 1170.187988, "fx": 1170.1879879999997}, {"id": 74, "img_name": "360", "width": 1296, "height": 968, "position": [2.485763, 2.861153, 1.4702830000000005], "rotation": [[-0.158883, -0.4716810000000001, 0.867337], [-0.9866419999999999, 0.10786199999999999, -0.12207999999999998], [-0.035970000000000016, -0.875147, -0.482517]], "fy": 1170.187988, "fx": 1170.1879879999997}, {"id": 75, "img_name": "380", "width": 1296, "height": 968, "position": [2.283217, 2.73191, 1.4883359999999999], "rotation": [[-0.334489, -0.434236, 0.836395], [-0.942305, 0.166678, -0.29030900000000004], [-0.013346000000000004, -0.885244, -0.46493500000000004]], "fy": 1170.187988, "fx": 1170.1879879999997}, {"id": 76, "img_name": "400", "width": 1296, "height": 968, "position": [2.244229, 2.68411, 1.5251460000000001], "rotation": [[-0.4710949999999999, -0.3918050000000001, 0.79029], [-0.8820689999999999, 0.20439399999999994, -0.42447299999999993], [0.004779999999999977, -0.897057, -0.44188799999999995]], "fy": 1170.187988, "fx": 1170.1879879999997}, {"id": 77, "img_name": "420", "width": 1296, "height": 968, "position": [2.196264, 2.663121, 1.460961], "rotation": [[-0.484526, -0.493085, 0.722566], [-0.8746739999999998, 0.26041899999999996, -0.408813], [0.013409999999999984, -0.83009, -0.557468]], "fy": 1170.187988, "fx": 1170.1879879999997}, {"id": 78, "img_name": "440", "width": 1296, "height": 968, "position": [2.1873460000000002, 2.688616, 1.424889], "rotation": [[-0.430775, -0.558717, 0.708709], [-0.90242, 0.25931799999999994, -0.344083], [0.008464000000000008, -0.787775, -0.6159050000000001]], "fy": 1170.187988, "fx": 1170.1879879999997}, {"id": 79, "img_name": "460", "width": 1296, "height": 968, "position": [2.264486, 2.7320580000000003, 1.435067], "rotation": [[-0.438258, -0.47196900000000014, 0.7649680000000001], [-0.898608, 0.24979899999999997, -0.36070099999999994], [-0.02084899999999998, -0.8454860000000001, -0.533591]], "fy": 1170.187988, "fx": 1170.1879879999997}, {"id": 80, "img_name": "480", "width": 1296, "height": 968, "position": [2.1322499999999995, 2.715706999999999, 1.4241240000000002], "rotation": [[-0.402773, -0.45366600000000007, 0.7949600000000001], [-0.9152799999999999, 0.19393299999999997, -0.3530619999999999], [0.006003000000000011, -0.869815, -0.493342]], "fy": 1170.187988, "fx": 1170.1879879999997}, {"id": 81, "img_name": "500", "width": 1296, "height": 968, "position": [1.9065229999999995, 2.7015779999999996, 1.456292], "rotation": [[-0.4606819999999999, -0.40917999999999993, 0.7876190000000001], [-0.8872869999999999, 0.19007399999999994, -0.42023200000000005], [0.02224400000000001, -0.892437, -0.450624]], "fy": 1170.187988, "fx": 1170.1879879999997}, {"id": 82, "img_name": "520", "width": 1296, "height": 968, "position": [1.7515549999999993, 2.7114829999999994, 1.4619729999999997], "rotation": [[-0.5508049999999999, -0.4634419999999999, 0.6941440000000002], [-0.8345009999999999, 0.29091199999999995, -0.46795299999999995], [0.014933999999999989, -0.8370139999999999, -0.5469779999999999]], "fy": 1170.187988, "fx": 1170.1879879999997}, {"id": 83, "img_name": "540", "width": 1296, "height": 968, "position": [1.477631, 2.604001, 1.444599], "rotation": [[-0.6174810000000001, -0.4634559999999999, 0.635551], [-0.7859770000000001, 0.33178100000000005, -0.52169], [0.03091700000000001, -0.821663, -0.5691339999999999]], "fy": 1170.187988, "fx": 1170.1879879999997}, {"id": 84, "img_name": "560", "width": 1296, "height": 968, "position": [1.3318679999999998, 2.595919999999999, 1.4465229999999998], "rotation": [[-0.7244129999999999, -0.381103, 0.5744439999999998], [-0.6893219999999999, 0.3910689999999999, -0.6098360000000002], [0.00776299999999997, -0.83775, -0.545998]], "fy": 1170.187988, "fx": 1170.1879879999997}, {"id": 85, "img_name": "580", "width": 1296, "height": 968, "position": [1.0953600000000003, 2.4728959999999995, 1.4362409999999997], "rotation": [[-0.6889360000000001, -0.41022800000000004, 0.5975619999999998], [-0.7242959999999999, 0.35824800000000007, -0.5891120000000001], [0.027595000000000116, -0.8386730000000001, -0.543937]], "fy": 1170.187988, "fx": 1170.1879879999997}, {"id": 86, "img_name": "600", "width": 1296, "height": 968, "position": [1.0131830000000006, 2.433543999999999, 1.4121819999999996], "rotation": [[-0.8731439999999999, -0.31275899999999995, 0.37390099999999993], [-0.4856079999999999, 0.491241, -0.7230949999999999], [0.042479000000000065, -0.812935, -0.580802]], "fy": 1170.187988, "fx": 1170.1879879999997}, {"id": 87, "img_name": "620", "width": 1296, "height": 968, "position": [0.817127, 2.3473700000000006, 1.3937840000000004], "rotation": [[-0.919278, -0.255973, 0.29900899999999997], [-0.39310599999999996, 0.558652, -0.730326], [0.01990099999999997, -0.788914, -0.6141810000000001]], "fy": 1170.187988, "fx": 1170.1879879999997}, {"id": 88, "img_name": "640", "width": 1296, "height": 968, "position": [0.6578789999999999, 2.2929409999999995, 1.3933920000000002], "rotation": [[-0.963295, -0.16855999999999996, 0.208928], [-0.2683389999999999, 0.582628, -0.767163], [0.007584999999999964, -0.7950669999999999, -0.606474]], "fy": 1170.187988, "fx": 1170.1879879999997}, {"id": 89, "img_name": "660", "width": 1296, "height": 968, "position": [0.6173210000000001, 2.2716839999999996, 1.3835549999999999], "rotation": [[-0.9828200000000002, -0.15674000000000002, 0.09744900000000002], [-0.17198600000000006, 0.5862029999999999, -0.7916990000000002], [0.06696600000000004, -0.794858, -0.6030889999999999]], "fy": 1170.187988, "fx": 1170.1879879999997}, {"id": 90, "img_name": "680", "width": 1296, "height": 968, "position": [0.7990699999999997, 2.3518850000000002, 1.3610119999999997], "rotation": [[-0.824188, -0.404295, 0.3965580000000001], [-0.5591370000000001, 0.46979999999999994, -0.6831200000000001], [0.08987900000000003, -0.78475, -0.6132609999999998]], "fy": 1170.187988, "fx": 1170.1879879999997}, {"id": 91, "img_name": "700", "width": 1296, "height": 968, "position": [0.9854349999999994, 2.5637649999999996, 1.383569], "rotation": [[-0.369785, -0.542142, 0.7545470000000002], [-0.92633, 0.15225700000000006, -0.344575], [0.07192300000000003, -0.826378, -0.558504]], "fy": 1170.187988, "fx": 1170.1879879999997}, {"id": 92, "img_name": "720", "width": 1296, "height": 968, "position": [1.024911, 2.7096609999999997, 1.386999], "rotation": [[0.05680999999999999, -0.5425040000000001, 0.8381299999999999], [-0.9969309999999999, -0.07610799999999998, 0.01831], [0.05385499999999998, -0.836598, -0.5451630000000001]], "fy": 1170.187988, "fx": 1170.1879879999997}, {"id": 93, "img_name": "740", "width": 1296, "height": 968, "position": [NaN, NaN, NaN], "rotation": [[NaN, NaN, NaN], [NaN, NaN, NaN], [NaN, NaN, NaN]], "fy": 1170.187988, "fx": 1170.1879879999997}, {"id": 94, "img_name": "760", "width": 1296, "height": 968, "position": [NaN, NaN, NaN], "rotation": [[NaN, NaN, NaN], [NaN, NaN, NaN], [NaN, NaN, NaN]], "fy": 1170.187988, "fx": 1170.1879879999997}, {"id": 95, "img_name": "780", "width": 1296, "height": 968, "position": [NaN, NaN, NaN], "rotation": [[NaN, NaN, NaN], [NaN, NaN, NaN], [NaN, NaN, NaN]], "fy": 1170.187988, "fx": 1170.1879879999997}, {"id": 96, "img_name": "800", "width": 1296, "height": 968, "position": [NaN, NaN, NaN], "rotation": [[NaN, NaN, NaN], [NaN, NaN, NaN], [NaN, NaN, NaN]], "fy": 1170.187988, "fx": 1170.1879879999997}, {"id": 97, "img_name": "820", "width": 1296, "height": 968, "position": [NaN, NaN, NaN], "rotation": [[NaN, NaN, NaN], [NaN, NaN, NaN], [NaN, NaN, NaN]], "fy": 1170.187988, "fx": 1170.1879879999997}, {"id": 98, "img_name": "840", "width": 1296, "height": 968, "position": [NaN, NaN, NaN], "rotation": [[NaN, NaN, NaN], [NaN, NaN, NaN], [NaN, NaN, NaN]], "fy": 1170.187988, "fx": 1170.1879879999997}, {"id": 99, "img_name": "860", "width": 1296, "height": 968, "position": [NaN, NaN, NaN], "rotation": [[NaN, NaN, NaN], [NaN, NaN, NaN], [NaN, NaN, NaN]], "fy": 1170.187988, "fx": 1170.1879879999997}, {"id": 100, "img_name": "880", "width": 1296, "height": 968, "position": [NaN, NaN, NaN], "rotation": [[NaN, NaN, NaN], [NaN, NaN, NaN], [NaN, NaN, NaN]], "fy": 1170.187988, "fx": 1170.1879879999997}, {"id": 101, "img_name": "900", "width": 1296, "height": 968, "position": [NaN, NaN, NaN], "rotation": [[NaN, NaN, NaN], [NaN, NaN, NaN], [NaN, NaN, NaN]], "fy": 1170.187988, "fx": 1170.1879879999997}, {"id": 102, "img_name": "920", "width": 1296, "height": 968, "position": [NaN, NaN, NaN], "rotation": [[NaN, NaN, NaN], [NaN, NaN, NaN], [NaN, NaN, NaN]], "fy": 1170.187988, "fx": 1170.1879879999997}, {"id": 103, "img_name": "940", "width": 1296, "height": 968, "position": [1.4070009999999997, 2.875985, 1.3447330000000004], "rotation": [[0.5077409999999999, -0.5655940000000002, 0.6498479999999998], [-0.861431, -0.343474, 0.374115], [0.011609000000000005, -0.749753, -0.6616159999999999]], "fy": 1170.187988, "fx": 1170.1879879999997}, {"id": 104, "img_name": "960", "width": 1296, "height": 968, "position": [1.8448960000000003, 2.8781039999999996, 1.3528900000000001], "rotation": [[0.17862599999999998, -0.577863, 0.796346], [-0.9835869999999998, -0.125858, 0.12929799999999997], [0.02551, -0.806371, -0.5908590000000002]], "fy": 1170.187988, "fx": 1170.1879879999997}, {"id": 105, "img_name": "980", "width": 1296, "height": 968, "position": [2.354537, 2.893823, 1.3828809999999998], "rotation": [[-0.306899, -0.522437, 0.7955329999999999], [-0.9517419999999999, 0.168881, -0.25625500000000007], [-0.0004739999999999921, -0.835787, -0.549054]], "fy": 1170.187988, "fx": 1170.1879879999997}, {"id": 106, "img_name": "1000", "width": 1296, "height": 968, "position": [2.7155579999999997, 2.794792999999999, 1.3683509999999999], "rotation": [[-0.747645, -0.34147599999999984, 0.5695789999999998], [-0.6634439999999998, 0.42211799999999994, -0.6177850000000001], [-0.029471000000000053, -0.8397679999999998, -0.5421449999999999]], "fy": 1170.187988, "fx": 1170.1879879999997}, {"id": 107, "img_name": "1020", "width": 1296, "height": 968, "position": [2.904676, 2.6111600000000004, 1.3640010000000002], "rotation": [[-0.9924770000000002, -0.030578999999999985, 0.11854700000000001], [-0.11341900000000002, 0.5942199999999999, -0.7962660000000001], [-0.046094, -0.803721, -0.593218]], "fy": 1170.187988, "fx": 1170.1879879999997}, {"id": 108, "img_name": "1040", "width": 1296, "height": 968, "position": [2.9290639999999994, 2.468930999999999, 1.391743], "rotation": [[-0.8571770000000002, 0.2929129999999999, -0.42361399999999994], [0.5149429999999999, 0.5017609999999998, -0.6950309999999998], [0.008969999999999997, -0.8139019999999999, -0.5809319999999999]], "fy": 1170.187988, "fx": 1170.1879879999997}, {"id": 109, "img_name": "1060", "width": 1296, "height": 968, "position": [2.758081, 2.232219999999999, 1.408143], "rotation": [[-0.717408, 0.3914540000000001, -0.576273], [0.6966100000000001, 0.393856, -0.5996769999999998], [-0.007776999999999987, -0.83165, -0.555246]], "fy": 1170.187988, "fx": 1170.1879879999997}, {"id": 110, "img_name": "1080", "width": 1296, "height": 968, "position": [2.698232999999999, 1.9012769999999999, 1.4170460000000002], "rotation": [[-0.4660949999999999, 0.4879359999999999, -0.7380199999999998], [0.8845849999999997, 0.27234699999999995, -0.37859699999999996], [0.016266999999999976, -0.8293039999999999, -0.558561]], "fy": 1170.187988, "fx": 1170.1879879999997}, {"id": 111, "img_name": "1100", "width": 1296, "height": 968, "position": [2.497247, 1.7078890000000004, 1.419855], "rotation": [[-0.23291999999999996, 0.498685, -0.834902], [0.972285, 0.10153900000000002, -0.21059800000000004], [-0.020246000000000004, -0.8608150000000001, -0.5085150000000002]], "fy": 1170.187988, "fx": 1170.1879879999997}]